view1 = np.array([   #frame 80
  [                    -25.178,       161.14 ,           0],
  [                    -31.473,        156.1 ,      8.0452],
  [                    -37.138,       149.18 ,      16.974],
  [                    -42.173,       141.63 ,      26.034],
  [                     -45.95,       130.93 ,       37.36],
  [                     -45.95,       124.63 ,      43.642],
  [                     -45.32,       114.56 ,      53.713],
  [                    -51.615,       107.01 ,      63.526],
  [                    -58.539,       98.194 ,      74.711],
  [                    -64.204,        91.27 ,       83.64],
  [                    -69.869,       86.235 ,      91.205],
  [                    -66.092,       76.163 ,      101.94],
  [                    -58.539,       72.387 ,      110.37],
  [                    -51.615,       67.981 ,      118.56],
  [                    -47.838,       62.316 ,      125.35],
  [                    -47.209,       52.874 ,       134.8],
  [                    -49.727,       40.914 ,         147],
  [                    -54.762,       27.066 ,       161.7],
  [                    -56.021,       14.477 ,      174.33],
  [                    -61.686,            0 ,      189.85],
  [                    -66.092,      -15.107 ,      205.55],
  [                    -71.128,      -30.214 ,      221.44],
  [                    -74.275,      -44.691 ,      236.23],
  [                    -76.163,      -59.168 ,       250.8]
])

view2 = np.array([      #frame 181
  [                 -25.178,       163.66 ,           0],
  [                 -28.955,       156.73 ,      7.8716],
  [                 -31.473,       148.55 ,      16.416],
  [                 -32.731,       139.11 ,      25.923],
  [                 -32.731,       126.52 ,      38.487],
  [                 -29.584,       115.19 ,      50.224],
  [                 -23.919,       108.27 ,      59.152],
  [                 -15.736,       101.97 ,      69.456],
  [                 -8.8123,       100.71 ,       76.48],
  [                  1.8884,       99.453 ,      87.233],
  [                  13.218,       96.935 ,      98.817],
  [                  27.066,       95.676 ,      112.69],
  [                  37.767,       94.418 ,      123.45],
  [                  49.097,         91.9 ,      135.03],
  [                   57.28,       87.494 ,      144.31],
  [                  62.945,        80.57 ,      153.24],
  [                   69.24,       69.869 ,      165.63],
  [                  73.016,       59.798 ,      176.36],
  [                  77.422,       47.838 ,      189.08],
  [                  81.829,       37.767 ,      200.05],
  [                  82.458,       23.919 ,      213.89],
  [                  83.087,       12.589 ,      225.21],
  [                  83.087,       2.5178 ,      235.27],
  [                  81.829,      -6.2945 ,      244.15],
  [                  83.717,      -19.513 ,      257.48],
  [                  83.087,      -30.214 ,      268.17]
])



reconstructed_points
Out[3]: 
[[array([20.3916, 75.0918,  9.8315])],
 [array([20.1121, 74.8527,  9.2637])],
 [array([20.7603, 73.6714,  9.6571])],
 [array([21.5664, 72.3713, 10.7137])],
 [array([22.4146, 70.9989, 12.0653])],
 [array([22.6664, 70.4132, 13.6746])],
 [array([23.4318, 68.9923, 14.9396])],
 [array([24.0768, 67.5709, 15.9899])],
 [array([24.5811, 66.1607, 16.7868])],
 [array([24.9374, 64.7693, 17.33  ])],
 [array([25.1471, 63.4011, 17.6456])],
 [array([25.2181, 62.0588, 17.7764])],
 [array([25.0303, 61.5162, 17.9006])],
 [array([24.9453, 60.2042, 17.8003])],
 [array([24.7622, 58.9164, 17.6754])],
 [array([24.4941, 57.6538, 17.5753])],
 [array([24.1528, 56.4179, 17.5427])],
 [array([23.7484, 55.2107, 17.6118])],
 [array([23.2891, 54.0347, 17.8082])],
 [array([23.1592, 53.4544, 18.1414])],
 [array([22.688 , 52.3033, 18.6091])],
 [array([22.1717, 51.1918, 19.2272])],
 [array([21.6099, 50.1246, 19.9881])],
 [array([21.0012, 49.1065, 20.8778])],
 [array([20.3429, 48.1422, 21.8774])],
 [array([20.4036, 47.5362, 22.8363])],
 [array([19.7061, 46.6359, 23.9609])],
 [array([18.9446, 45.8008, 25.1207])],
 [array([18.1154, 45.0338, 26.2888])],
 [array([17.2151, 44.3368, 27.4385])],
 [array([16.2414, 43.7108, 28.5448])],
 [array([15.1927, 43.1553, 29.5849])],
 [array([14.0689, 42.6689, 30.5388])],
 [array([12.8707, 42.2489, 31.3897])],
 [array([11.6003, 41.8913, 32.1246])],
 [array([10.2613, 41.5912, 32.7344])],
 [array([ 7.5469, 41.545 , 33.5456])],
 [array([ 4.726 , 41.6019, 34.2453])],
 [array([ 3.1938, 41.4595, 34.4724])],
 [array([ 0.2829, 41.5859, 34.9185])],
 [array([-2.6213, 41.6922, 35.2339])],
 [array([-5.4778, 41.7325, 35.4172])],
 [array([-8.25  , 41.6659, 35.4718])],
 [array([-9.7484, 41.3991, 35.1378])],
 [array([-12.343 ,  41.1086,  34.9955])],
 [array([-13.7463,  40.7081,  34.5456])],
 [array([-15.1108,  40.2528,  34.0764])],
 [array([-16.4309,  39.7388,  33.6084])],
 [array([-18.6106,  38.9612,  33.3233])],
 [array([-19.7846,  38.2779,  32.8967])],
 [array([-20.9025,  37.531 ,  32.5254])],
 [array([-21.962 ,  36.7205,  32.2234])],
 [array([-22.9617,  35.8475,  32.0019])],
 [array([-23.9009,  34.9137,  31.8695])],
 [array([-24.7796,  33.9215,  31.8316])],
 [array([-25.5987,  32.8742,  31.8906])],
 [array([-26.3594,  31.7754,  32.0459])],
 [array([-27.0638,  30.6294,  32.294 ])],
 [array([-27.2066,  29.9907,  32.6242])],
 [array([-27.8398,  28.7848,  33.0493])],
 [array([-28.4238,  27.5439,  33.5413])],
 [array([-28.962 ,  26.2731,  34.0883])],
 [array([-29.4579,  24.9778,  34.677 ])],
 [array([-29.9149,  23.6633,  35.2935])],
 [array([-30.3363,  22.3344,  35.9238])],
 [array([-30.7251,  20.9958,  36.5544])],
 [array([-30.795 ,  20.2937,  37.2392])],
 [array([-31.1559,  18.9531,  37.8421])],
 [array([-31.4911,  17.612 ,  38.4113])],
 [array([-31.8024,  16.273 ,  38.9392])],
 [array([-32.0907,  14.9377,  39.4207])],
 [array([-32.3565,  13.6069,  39.8533])],
 [array([-32.6   ,  12.2807,  40.2371])],
 [array([-32.7038,  11.6284,  40.6912])],
 [array([-32.9295,  10.3131,  40.9966])],
 [array([-33.1304,   8.9989,  41.2686])],
 [array([-33.3055,   7.6835,  41.5168])],
 [array([-33.4535,   6.3642,  41.7517])],
 [array([-33.5735,   5.0381,  41.9848])],
 [array([-33.665 ,   3.7023,  42.2277])],
 [array([-33.7654,   3.06  ,  42.6557])],
 [array([-33.8207,   1.7049,  42.9561])],
 [array([-33.8473,   0.3337,  43.2926])],
 [array([-33.8476,  -1.0546,  43.6686])],
 [array([-33.8252,  -2.4597,  44.084 ])],
 [array([-33.7853,  -3.8806,  44.534 ])],
 [array([-33.7341,  -5.3144,  45.0091])],
 [array([-33.784 ,  -6.0168,  45.6909])],
 [array([-33.7308,  -7.4628,  46.17  ])],
 [array([-33.6873,  -8.909 ,  46.617 ])],
 [array([-33.663 , -10.3485,  47.0072])],
 [array([-33.6672, -11.7742,  47.3157])],
 [array([-33.7076, -13.1798,  47.5208])],
 [array([-33.7891, -14.56  ,  47.6077])],
 [array([-33.9437, -15.1997,  47.7555])],
 [array([-34.0877, -16.5366,  47.6141])],
 [array([-34.2579, -17.856 ,  47.4152])],
 [array([-34.4315, -19.1742,  47.2426])],
 [array([-34.5709, -20.5195,  47.2309])],
 [array([-34.6195, -21.936 ,  47.5802])]]




interp_list
script ended
Out[24]: 
array([6.2133, 6.4462, 6.6791, 6.9119, 7.1448, 7.3777, 7.6106, 7.8435,
       8.0763, 8.3092, 8.5421, 8.6684, 8.7947, 8.921 , 9.0473, 9.1736,
       9.2999, 9.4262, 9.5524, 9.6787, 9.805 , 9.7418, 9.6785, 9.6153,
       9.552 , 9.4887, 9.4255, 9.3622, 9.2989, 9.2357, 9.1724, 8.7629,
       8.3534, 7.9439, 7.5345, 7.125 , 6.7155, 6.306 , 5.8965, 5.487 ,
       5.0775, 4.9841, 4.8906, 4.7972, 4.7037, 4.6103, 4.5169, 4.4234,
       4.33  , 4.2365, 4.1431, 4.2457, 4.3482, 4.4508, 4.5534, 4.6559,
       4.7585, 4.8611, 4.9637, 5.0662, 5.1688, 5.1164, 5.0641, 5.0117,
       4.9594, 4.907 , 4.8546, 4.8023, 4.7499, 4.6976, 4.6452, 4.38  ,
       4.1148, 3.8496, 3.5843, 3.3191, 3.0539, 2.7887, 2.5235, 2.2583,
       1.993 , 2.0051, 2.0172, 2.0293, 2.0414, 2.0535, 2.0656, 2.0777,
       2.0898, 2.1019, 2.114 , 2.086 , 2.0581, 2.0301, 2.0021, 1.9742,
       1.9462, 1.9182, 1.8903, 1.8623])


vessel3D
Out[25]: 
[[array([20.3916, 75.0918,  9.8315])],
 [array([20.1121, 74.8527,  9.2637])],
 [array([20.7603, 73.6714,  9.6571])],
 [array([21.5664, 72.3713, 10.7137])],
 [array([22.4146, 70.9989, 12.0653])],
 [array([22.6664, 70.4132, 13.6746])],
 [array([23.4318, 68.9923, 14.9396])],
 [array([24.0768, 67.5709, 15.9899])],
 [array([24.5811, 66.1607, 16.7868])],
 [array([24.9374, 64.7693, 17.33  ])],
 [array([25.1471, 63.4011, 17.6456])],
 [array([25.2181, 62.0588, 17.7764])],
 [array([25.0303, 61.5162, 17.9006])],
 [array([24.9453, 60.2042, 17.8003])],
 [array([24.7622, 58.9164, 17.6754])],
 [array([24.4941, 57.6538, 17.5753])],
 [array([24.1528, 56.4179, 17.5427])],
 [array([23.7484, 55.2107, 17.6118])],
 [array([23.2891, 54.0347, 17.8082])],
 [array([23.1592, 53.4544, 18.1414])],
 [array([22.688 , 52.3033, 18.6091])],
 [array([22.1717, 51.1918, 19.2272])],
 [array([21.6099, 50.1246, 19.9881])],
 [array([21.0012, 49.1065, 20.8778])],
 [array([20.3429, 48.1422, 21.8774])],
 [array([20.4036, 47.5362, 22.8363])],
 [array([19.7061, 46.6359, 23.9609])],
 [array([18.9446, 45.8008, 25.1207])],
 [array([18.1154, 45.0338, 26.2888])],
 [array([17.2151, 44.3368, 27.4385])],
 [array([16.2414, 43.7108, 28.5448])],
 [array([15.1927, 43.1553, 29.5849])],
 [array([14.0689, 42.6689, 30.5388])],
 [array([12.8707, 42.2489, 31.3897])],
 [array([11.6003, 41.8913, 32.1246])],
 [array([10.2613, 41.5912, 32.7344])],
 [array([ 7.5469, 41.545 , 33.5456])],
 [array([ 4.726 , 41.6019, 34.2453])],
 [array([ 3.1938, 41.4595, 34.4724])],
 [array([ 0.2829, 41.5859, 34.9185])],
 [array([-2.6213, 41.6922, 35.2339])],
 [array([-5.4778, 41.7325, 35.4172])],
 [array([-8.25  , 41.6659, 35.4718])],
 [array([-9.7484, 41.3991, 35.1378])],
 [array([-12.343 ,  41.1086,  34.9955])],
 [array([-13.7463,  40.7081,  34.5456])],
 [array([-15.1108,  40.2528,  34.0764])],
 [array([-16.4309,  39.7388,  33.6084])],
 [array([-18.6106,  38.9612,  33.3233])],
 [array([-19.7846,  38.2779,  32.8967])],
 [array([-20.9025,  37.531 ,  32.5254])],
 [array([-21.962 ,  36.7205,  32.2234])],
 [array([-22.9617,  35.8475,  32.0019])],
 [array([-23.9009,  34.9137,  31.8695])],
 [array([-24.7796,  33.9215,  31.8316])],
 [array([-25.5987,  32.8742,  31.8906])],
 [array([-26.3594,  31.7754,  32.0459])],
 [array([-27.0638,  30.6294,  32.294 ])],
 [array([-27.2066,  29.9907,  32.6242])],
 [array([-27.8398,  28.7848,  33.0493])],
 [array([-28.4238,  27.5439,  33.5413])],
 [array([-28.962 ,  26.2731,  34.0883])],
 [array([-29.4579,  24.9778,  34.677 ])],
 [array([-29.9149,  23.6633,  35.2935])],
 [array([-30.3363,  22.3344,  35.9238])],
 [array([-30.7251,  20.9958,  36.5544])],
 [array([-30.795 ,  20.2937,  37.2392])],
 [array([-31.1559,  18.9531,  37.8421])],
 [array([-31.4911,  17.612 ,  38.4113])],
 [array([-31.8024,  16.273 ,  38.9392])],
 [array([-32.0907,  14.9377,  39.4207])],
 [array([-32.3565,  13.6069,  39.8533])],
 [array([-32.6   ,  12.2807,  40.2371])],
 [array([-32.7038,  11.6284,  40.6912])],
 [array([-32.9295,  10.3131,  40.9966])],
 [array([-33.1304,   8.9989,  41.2686])],
 [array([-33.3055,   7.6835,  41.5168])],
 [array([-33.4535,   6.3642,  41.7517])],
 [array([-33.5735,   5.0381,  41.9848])],
 [array([-33.665 ,   3.7023,  42.2277])],
 [array([-33.7654,   3.06  ,  42.6557])],
 [array([-33.8207,   1.7049,  42.9561])],
 [array([-33.8473,   0.3337,  43.2926])],
 [array([-33.8476,  -1.0546,  43.6686])],
 [array([-33.8252,  -2.4597,  44.084 ])],
 [array([-33.7853,  -3.8806,  44.534 ])],
 [array([-33.7341,  -5.3144,  45.0091])],
 [array([-33.784 ,  -6.0168,  45.6909])],
 [array([-33.7308,  -7.4628,  46.17  ])],
 [array([-33.6873,  -8.909 ,  46.617 ])],
 [array([-33.663 , -10.3485,  47.0072])],
 [array([-33.6672, -11.7742,  47.3157])],
 [array([-33.7076, -13.1798,  47.5208])],
 [array([-33.7891, -14.56  ,  47.6077])],
 [array([-33.9437, -15.1997,  47.7555])],
 [array([-34.0877, -16.5366,  47.6141])],
 [array([-34.2579, -17.856 ,  47.4152])],
 [array([-34.4315, -19.1742,  47.2426])],
 [array([-34.5709, -20.5195,  47.2309])],
 [array([-34.6195, -21.936 ,  47.5802])]]
