export_list
Out[3]: 
array([[24.5312, 24.5222, 24.489 , 24.4399, 24.3814, 24.3189, 24.2565,
        24.1973, 24.1436, 24.0969, 24.0583, 24.0282, 24.0066, 23.9936,
        23.9885, 23.9909, 24.0001, 24.0154, 24.0361, 24.0613, 24.1023,
        24.1335, 24.1676, 24.2039, 24.2423, 24.2823, 24.3239, 24.367 ,
        24.4115, 24.4576, 24.5053, 24.5548, 24.6064, 24.6603, 24.7168,
        24.776 , 24.8241, 24.8875, 24.9544, 25.025 , 25.0992, 25.1774,
        25.2593, 25.3451, 25.4345, 25.5274, 25.6236, 25.7228, 25.8246,
        25.8848, 25.9877, 26.0918, 26.1965, 26.3012, 26.4055, 26.5086,
        26.6099, 26.709 , 26.8052, 26.898 , 26.987 , 27.0716, 27.1516,
        27.2266, 27.2964, 27.3609, 27.42  , 27.4738, 27.5224, 27.566 ,
        27.605 , 27.6398, 27.7815, 27.8121, 27.8401, 27.8662, 27.8912,
        27.9157, 27.9406, 27.9665, 27.9943, 28.0246, 28.058 , 28.0951,
        28.1362, 28.3243, 28.3759, 28.4319, 28.492 , 28.556 , 28.6232,
        28.6928, 28.7639, 28.8352, 28.9055, 28.9733, 29.037 ],
       [ 8.5327,  8.3571,  8.1815,  8.006 ,  7.8304,  7.6548,  7.4793,
         7.3037,  7.1281,  6.9526,  6.777 ,  6.6648,  6.5526,  6.4403,
         6.3281,  6.2159,  6.1037,  5.9914,  5.8792,  5.767 ,  5.6547,
         5.6694,  5.6841,  5.6988,  5.7135,  5.7282,  5.7429,  5.7575,
         5.7722,  5.7869,  5.8016,  5.825 ,  5.8484,  5.8717,  5.8951,
         5.9185,  5.9419,  5.9652,  5.9886,  6.012 ,  6.0354,  5.9992,
         5.9632,  5.9271,  5.891 ,  5.8549,  5.8188,  5.7827,  5.7466,
         5.7105,  5.6744,  5.5941,  5.5139,  5.4337,  5.3535,  5.2733,
         5.1931,  5.1129,  5.0327,  4.9525,  4.8723,  5.1029,  5.3335,
         5.564 ,  5.7946,  6.0252,  6.2558,  6.4863,  6.7169,  6.9475,
         7.1781,  6.7245,  6.2709,  5.8173,  5.3637,  4.9101,  4.4565,
         4.003 ,  3.5494,  3.0958,  2.6422,  2.6686,  2.695 ,  2.7215,
         2.7479,  2.7743,  2.8007,  2.8271,  2.8536,  2.88  ,  2.9064,
         2.9064,  2.9064,  2.9064,  2.9064,  2.9064,  2.9064]])


lengths_view1 = np.array([8.0663, 6.8697, 5.2844, 5.4406, 6.1626, 5.9081, 5.5171, 9.0454,
       3.1706, 2.6422, 3.6991 ])
lengths_view2 = np.array([8.999 , 6.6843, 6.0251, 6.1626, 5.9081,
       5.4406, 4.2275, 5.3107, 2.1138, 3.1706, 2.1138])
