view1 = np.array([   #frame 48
  [             -22.66,         124   ,         0],
  [            -18.254,      114.56   ,    10.399],
  [            -15.107,      106.38   ,    19.149],
  [            -10.701,      98.824   ,    27.877],
  [            -5.6651,      90.641   ,    37.466],
  [                  0,      81.829   ,    47.922],
  [             4.4062,      75.534   ,     55.59],
  [             8.1829,       68.61   ,    63.462],
  [             10.071,      62.945   ,    69.421],
  [             10.701,      52.244   ,     80.12],
  [             10.071,      43.432   ,    88.937],
  [             10.071,      36.508   ,    95.848],
  [             10.071,      31.473   ,    100.87]
])

view2 = np.array([      #frame 234
  [            3.1473,       96.306,            0],
  [           0.62945,       86.864,       9.7526],
  [           -3.7767,       78.052,       19.586],
  [           -8.8123,       69.869,       29.175],
  [           -13.218,       63.574,       36.844],
  [           -15.736,       56.651,       44.197],
  [           -19.513,       50.985,       50.992],
  [           -22.031,       44.062,       58.345],
  [           -23.919,       38.396,       64.305],
  [           -24.549,       30.214,       72.496],
  [           -24.549,       22.031,       80.663],
  [           -25.807,       15.107,       87.687],
  [           -26.437,       8.8123,           94]
])
